base) Sondres-MacBook-Pro:MetalHydrides torp$ python PCA_randomforest_crossvalidation.py 

Components:  40
r2score =  0.48349823306713047
r2score_train =  0.9388580622686385
mean:  3.5800409895414336
MSE:  0.6087293395300053
RMSE:  0.7802110865208244
MAE:  0.5071350794943477
WAPE:  14.165622152815253


mean:  3.574582320868514
MSE:  0.06473064499520313
RMSE:  0.25442217866216604
MAE:  0.17816996415243072
WAPE:  4.984357560106236
stdev:  0.2542731678267764
CROSS_VALIDATION: Accuracy: 0.5404 (+/- 0.2348)


scores= [0.63999781 0.62603411 0.4925499  0.65706756 0.40073944 0.35550977
 0.6394772  0.65035917 0.56971414 0.37250527]
mean:  0.5489221312398228
[0.35550977427070496, 0.3725052677811346, 0.40073944048274424, 0.49254989956880324, 0.5697141433727158, 0.6260341080041743, 0.6394772046505823, 0.6399978113305048, 0.6503591747279232, 0.657067560461384]
---------------------------------- 
(base) Sondres-MacBook-Pro:MetalHydrides torp$ 

