(base) Sondres-MacBook-Pro:MetalHydrides torp$ python PCA_randomforest_crossvalidation.py 

Components:  38
r2score =  0.46134460560540225
r2score_train =  0.9356287981849082
omean:  3.570701753821402
MSE:  0.5220375393616069
RMSE:  0.7225216532129725
MAE:  0.4863708890924315
WAPE:  13.621156921658672


mean:  3.5885855416164
MSE:  0.07713235518369904
RMSE:  0.277727123601025
MAE:  0.18915273011567657
WAPE:  5.2709550301113035
stdev:  0.2774526958049467
^R
CROSS_VALIDATION: Accuracy: -29.8901 (+/- 26.4360)


scores= [-18.13170171 -34.22863325 -39.57968889 -34.32740982 -25.98734891
 -57.47498284 -28.85999848 -30.51199395 -26.06781377  -3.73126147]
mean:  -29.711823599323072
[-57.47498283784356, -39.57968889379673, -34.32740982329333, -34.22863325460068, -30.51199395068415, -28.859998475144565, -26.067813774661342, -25.987348913341293, -18.131701709062508, -3.731261472275188]
---------------------------------- 
(base) Sondres-MacBook-Pro:MetalHydrides torp$ 

